49666964
49644012
49644193
49455986
49414791
49890613
23358495
23357826
23362311
98555272
98549801
98565211
98550289
50187596
58314196
58335375
58313302
100821545
100807725
100806719
100871186
100939117
98546547
50085153
56396768
56455294
50174886
56445366
56435929
88015545
88011139
60095272
88000636
60098267
58548511
56470625
91189731
72733610
88163771
91193049
44015809
85672018
88058163
44141149
162101261
43896032
43871982
85657125
103816828
85658230
35145122
103802408
44140075
71741232
71739916
85699040
72588119
103519784
35159596
44026656
43902541
123746961
123742061
60713235
35160143
71745699
103565960
71763861
43569909
204587047
204587569
87847273
49646669
28555400
104021085
103541016
60499185
28875204
199497285
71586293
71578737
199495830
28840381
60483935
44137257
28870962
71545170
123753492
199493711
29600506
41764471
43950265
162818621
29569260
49649873
123667950
123734774
50907127
50807359
60704484
144250487
28871191
44071853
123861452
87818174
41757993
162856148
144158177
128402782
128410012
41781151
243420388
204560004
72762169
49931760
145701453
144187516
43949810
133304694
92657985
199553600
243425689
145691915
72749848
72750353
243428152
92662327
87755411
1757274
48982335
145680456
50075494
145686505
98378173
133453874
106152984
98537993
73187836
44377503
43941508
145744429
10977585
98380233
104081349
145692762
1740698
48710739
2194396
30852826
92654365
162802184
30854033
87897271
2194607
60685757
50907365
26583129
98669091
44405563
124617900
133676101
100924822
124611516
133775375
103188709
142617261
98248413
233592501
26325888
133802961
35247421
60743605
23403171
23403193
23381413
98286151
30863938
50686651
142619234
134884054
134870755
134883419
134874805
26374658
87697533
26319588
152240448
67899235
14161927
87703099
26577857
103854354
100451357
50908574
3496032
113898581
152234593
113866598
1856273
19036035
19028788
133739005
3180021
176887106
176876825
103956516
103964585
128401810
92659160
30856464
106532224
100608840
49389320
233707611
108109992
60850522
108065574
113987780
26393021
65191645
108072801
108112760
212599288
110046373
212599303
10973201
212632452
26979193
26979412
51824512
26959322
233753340
26939474
110040310
3276491
98224217
14151960
92187932
26935221
8091876
110030945
127144988
110047110
106776484
1989976
135082751
135099649
127139401
212590841
127139452
72365669
104082688
16865845
1252369
212590505
1246748
176908731
23439555
42653237
134866271
47990500
42653567
50286953
1253529
1247571
1247606
100265936
16966052
99750164
60743418
16856682
78006899
1250559
108097009
51151631
104667334
36915043
135051254
42620520
140251458
59832791
50154223
99735233
49398862
21945933
96202443
59838099
3380895
68028541
36898459
65990596
109156184
106217358
10961474
65959729
72462634
113939575
21929394
10960529
10958956
109845252
96221653
140753103
96484940
53210302
108103433
92870246
49422094
41833089
21919895
24717969
159167290
100346964
41833162
44854981
110761099
24621381
113941714
12881398
96175936
22624708
42622657
21913425
92788278
176641242
98212409
140258802
43878712
88190604
110765398
26913774
65979792
49390677
14511679
107539301
160599341
67801134
99733954
109842271
160599957
3252130
103880118
159156296
41836026
30808645
10976827
98417446
98831636
14595456
50750225
67963186
74563905
109154384
3241845
109180021
133130178
4951548
160602069
3373740
72435996
12866146
176647637
96911139
151328218
92673154
51117137
93747683
96281780
48525955
71547039
14633223
48428472
111696389
26880925
96421546
8467534
72473262
4951120
104441546
107564115
110115286
37416318
76504698
75163169
37412228
111687584
140773770
124991887
60345751
24769278
176907510
77578191
51190580
3359684
74490459
104451134
29662737
59838217
106454672
61482261
12894758
8445946
76501451
51188432
740404
55722033
57497847
99100046
193981625
77579773
4386911
140780768
193983674
8462079
14504835
106467853
23747791
127572977
67954065
23772277
51104680
76477244
31892641
101151830
67952486
49064576
87943710
172427073
74678285
125014321
61579618
84133820
61577302
96909839
55786955
193853269
51134888
62995938
51184958
77995949
67970101
82533639
63001049
104443942
93021116
159177748
78034268
63034606
100306378
747454
95543715
14718260
53538157
172818467
95544391
23446691
103984390
29697709
96915279
155506734
24711806
75902735
57600285
101050353
51121416
65250543
2883172
201856256
51101899
159862913
78034703
127682119
57618068
8258174
107820063
144478983
159858736
34296751
62991802
98330439
75147801
172851936
106618448
155474355
104576670
98661558
86237581
201845575
4944623
87999371
53498655
98713992
58693790
133825855
98627205
26171250
8257574
40019773
83608599
91615838
58537919
201850057
68503044
101128095
133531432
106955451
31785404
147874875
30736378
127722843
41831361
30839607
55816142
124335247
30741257
86239031
147869329
104596248
147868622
172885096
125021041
49768927
5228939
11500372
235597252
155535967
101328728
11161316
164350434
164379658
30741623
5220559
59648716
147811445
75176196
95561682
11151880
55845385
147872742
147803578
22636415
30202774
31564167
50395539
77372988
42352007
99109816
42382222
120102028
104155414
34329603
162893338
151343638
103299583
103295384
5204312
66092567
79648170
164326754
60655551
79685226
50994255
79592680
86322686
74858724
235575321
243458922
107032708
235576949
3464074
243430818
107822245
92044587
65174577
137082039
243421404
59775136
3264389
48658467
137072364
12231347
59502520
122017598
121998254
92226172
74984361
120093858
12237812
72120034
100109001
100884560
86249396
96271752
3140409
172431360
43916642
131289820
143316970
121980347
121980586
171516863
137526995
137528075
171455322
8003017
68297589
50172397
8275541
103918921
31903834
143099872
145616899
133110596
87769961
39976133
215363241
12197441
64430551
90406024
145622871
92028253
50699715
172812339
144503215
74889870
90393587
47515395
100106797
89986144
51135595
89990843
16963700
25596884
161300974
90439633
67805272
161310632
170956772
161290337
121300988
47513253
170944698
171451621
82258775
12231739
137529847
99169419
5199621
90409355
49920555
26668216
121343893
5191068
59654979
74955061
100060441
30288338
104435213
89967514
143309504
60645967
145796251
96341448
27256021
62413673
99084793
53294569
2195132
90078724
111586950
38817047
88279872
57114080
82257633
164333146
88278055
38817459
27256117
61584238
181509718
10266115
61003889
89646023
107503324
59498175
51177517
128332084
102726073
237054356
25408838
60957279
38817857
126704795
14078878
201083598
99100713
143406368
181512453
99104004
97390463
14077378
33292743
41975395
87997869
128333682
97399927
39091043
100057208
59647992
161353666
39099178
44465419
50919626
110530995
72114787
48031692
237077180
241879204
88265819
51134993
121303820
121983370
57404779
241876565
103368010
47675655
11141264
9635330
61025617
85941811
100077273
47676579
143534777
120925795
61446425
84994881
87999370
120946568
72110562
58290278
225405122
143348919
65016721
106410855
49370544
70203673
104060003
92217645
130929166
84997363
92216360
160611188
91679474
120912210
143356114
113832263
9623938
183719751
91982669
44800176
44866602
91152648
164356102
9565914
113815530
58288793
98757620
14195827
111697427
57771087
241885443
119185697
5889765
102682145
174094345
48137242
66060546
36381662
21400525
22652817
36370970
36386997
183724005
183724843
9617988
174171884
106618489
75562222
92891029
95838005
107491895
36370428
95834689
95837674
60641542
44347087
93787867
31972370
174175921
133047756
118932887
9645035
143102394
35104386
215331864
19236954
143524185
176940335
62612604
225365635
27261647
23729566
54124650
94543233
143107730
65571139
126329270
31891746
123556171
50451434
143367857
123594419
99254440
106768281
31812038
57436577
56570907
32014456
62613845
58311555
81471113
88120326
200462840
50394405
140909431
119255491
57107989
24803620
59844983
141992778
59603211
42920929
94579511
31845985
98815591
57109717
62131703
9340932
91145181
60421219
50438655
65924217
83596227
105923080
62193640
100341568
51539113
226281992
233743794
200447031
42016041
159881328
32199099
82246351
7665170
105969362
111770013
32204683
65614509
71720681
99253082
24950387
226290705
124284656
166082562
62081034
33308021
92213967
4032380
30606426
140903155
4031519
174156553
121985848
21930932
166078086
65914766
59636727
123722941
50556680
102627355
97676616
172895637
143095603
157487273
166126745
51537836
31556581
83209346
100776594
7670999
97673417
82443098
143444050
13212025
82442731
62602477
30608538
41832297
89760744
42012417
72449591
7664875
92849721
106418969
90394540
89745477
72435705
103439330
57280046
16756508
97666478
85397118
101695817
133814713
3437297
174076864
106677341
83239773
13207284
99267553
90080747
51502250
78171376
3433648
27209328
68020492
47800513
172911094
78169675
38826799
35272539
104054425
1954096
22638208
8246179
69331299
142290325
69993313
31641248
73050239
110614400
73032476
142358950
108894438
69146186
27636313
108927842
91896638
104430889
108905680
65663547
49949537
92025779
50199924
101323578
124304677
97669259
3455401
86261800
93456069
2322943
88167641
73086696
161215358
91090125
54668908
143094915
31539768
73978572
233752551
15438032
140653749
31555130
3472721
161942911
126595060
73036110
235558804
96187319
174326702
126541317
83218230
174325692
16632472
50637814
73035492
69147328
91903709
25037176
25058937
68081246
50636594
27397792
2278064
180734185
91088884
61254033
132660489
25062398
216693263
26810689
119215402
44732089
39168281
133548873
87694905
216688085
34328390
26499185
58460909
26813137
71639294
9959014
58219764
69126008
189135884
140652988
180925445
83231511
30830597
143533739
66474730
108864419
78243384
13109531
42025823
12395100
43717435
67989523
66496914
44742064
37486052
190400984
32322496
46141422
87679777
14674204
161842448
34353798
175672897
145284716
72093635
16647170
7657373
196788363
72450482
88308777
93327532
123880441
60811584
119241752
92133241
21407386
215009358
24557642
69930625
72107386
69427576
180928465
87443734
41217457
37054590
161866504
41211913
57532775
100753796
82577275
190385304
197704717
161380888
160477041
82579609
47714370
106767346
79129615
21408546
145909653
44087925
181596751
50547541
101322193
100526438
34329224
15646794
112158504
43370481
93291163
14702915
112161489
68220939
116582186
87300775
80421805
100767341
46062245
59039858
103775435
153886873
100513153
229061868
41954383
87277575
153856873
58122650
69437856
58232736
58454271
127112424
166144850
43781083
58135485
92586991
59036578
34904985
228994782
100801867
59403033
88010680
49402562
174175273
96019970
88015039
88001625
31643192
1004554
21824283
162274847
26530376
93284681
126583521
22317310
132675366
106764748
153798128
87957382
34583635
79144856
228985505
125892224
65711935
1018697
4796094
90386391
24772641
69295070
69753369
13090416
4793664
57283283
41864190
104411872
162265892
106764193
132838971
96308640
42671636
21074255
36400298
60001978
16680789
68177328
118524652
119079800
44010456
93038599
118461145
153391618
215051957
82225529
61347033
20512961
41623728
180908535
61585887
33053430
10288862
133561399
63516255
61580119
118083588
159248048
82241943
40010636
32292961
162899780
125940717
104959487
99670514
26761745
234740880
78171124
153828080
44707295
201167854
25551961
62059248
47578606
32291774
83201025
63501972
2702804
86173623
91645253
14713890
47723127
38423730
65023232
83206340
56586371
161812352
118903024
184698816
145793456
29880773
112258252
111912738
148633936
111702047
39684977
226609241
141077992
159246185
30398390
701041
107469684
57156325
137479869
99661924
72022965
153822673
79510994
98404243
229121950
87974682
14811477
39687838
143150043
78527912
50424081
123026869
60768978
78603463
2717690
17969142
73028766
96454977
199427321
114218608
113431960
41798668
63553042
168729441
140717160
36624313
216676259
168740425
181535715
705629
225337188
103118768
13979844
31286928
91096799
145634441
225468329
34568032
186764747
69747046
126024787
172616423
25703735
197822977
61615648
139529987
2190385
65654480
112324111
75864805
64937033
127764305
16953337
59152140
157520186
64923166
126865884
68192714
162981266
12679680
236788175
13980364
141082015
123018894
66215549
96247835
93033082
139520556
98333290
113448762
66269936
68016609
61615477
58370948
155547853
2296014
32075563
28246668
32984884
117520009
66224881
32032743
32972296
30906089
202885506
55951432
75206225
50726846
42079361
44165646
8400667
153797015
59608950
49385699
221967817
10978710
44623775
10985695
29100646
34586689
86181167
91929454
66273290
83216934
215361613
75860342
29100642
58746132
30796107
148244701
49869771
72363674
68270229
119483316
142006198
36565421
225362478
134773652
14975292
20631298
22718157
122970156
109695139
226538647
111996952
36125986
161148946
98589715
49119419
43055579
47532999
111517908
31325886
72210865
21356540
87445839
66239487
15153717
134737751
19244424
22695321
22734409
23385738
157134495
20527630
68275516
139523684
58020265
99055774
1857297
134773659
139629450
27655994
145024122
21338343
157076201
236832074
157551242
30915627
145626208
2159777
9290345
141598681
155644978
62075138
186782571
66496170
160821969
12508979
34566920
41794518
48981024
157532113
177030177
30784415
39265197
58374338
23681361
68367193
53766212
133732856
31212209
148273664
102169794
60198760
167535028
44158165
53758950
12667804
34659517
166408788
16661088
139614795
155647391
127737229
68293320
61808444
60853523
73837751
53644107
28133152
121463288
31208660
210912835
19267144
2134350
51590733
120082971
38591860
58973546
135511290
66472179
116772441
161865901
50274170
110752139
120082253
41992169
27690566
135427757
157176734
43748712
135440608
2143594
202880230
177043007
45163333
92574385
27681596
116762028
141132286
107619932
157536578
37182907
7249472
127733822
87855496
79744868
10249971
99712134
109677417
12711949
96003435
39026695
186778884
10249416
21304200
136557055
49917021
184650034
69788482
62053060
148266419
31614454
88748882
30970822
31612494
127836132
186176136
58943386
58124534
54075725
79538791
112152602
66957533
50721684
41990234
729655
24571038
47125046
22654102
86984850
50519392
114519339
114514125
36766380
30534692
117593308
13967918
126478190
83370070
155913491
101924418
155910988
200402624
71906931
183378875
41786274
61832445
141545193
14895679
184791916
104093521
166910677
14791348
32496435
37770005
101912194
88740323
64955474
17064893
186139826
161808690
26828479
159400359
79779767
92950673
22165255
13011809
73837955
3274770
43873727
32494790
14494845
7251756
91126097
66920915
49840843
42003500
61830334
34347559
181517638
51617064
85871107
123144189
11893275
64674981
12531365
83387728
161570981
68216756
28659854
161966321
101539999
11896054
101983413
184790301
135490491
50683009
48655268
78171941
91231126
42977907
32493807
84968701
63849287
98242555
212680523
101542480
31013470
176922278
104520528
27260692
74100642
52737309
93459453
33200385
12817006
139545748
48653003
31619345
42007071
39324505
46494995
221814085
13417617
64896298
153386942
92477890
170933159
21690606
135718584
141548419
36240960
51047621
183393680
19663850
32204489
161547697
54977019
99052721
23233667
2366707
183446535
41484393
23092626
36100541
93893586
4833041
28904710
89723630
211549432
207002559
161572781
107453304
39324253
141147414
34900836
36104611
48513086
29648120
41513704
49511263
54230638
49956036
106613721
52743831
199445345
14871551
14886977
61773849
162000266
56153553
78440564
74378017
44886144
71792250
53684371
70526305
61774057
141115219
4954455
23687983
90091540
74133929
31404324
48469441
41548956
140974479
106800212
186789610
143483603
31192529
74113333
61466893
135709381
65897972
55659233
52734527
28696850
161263939
9686297
59570258
13966251
31419209
15910939
140946355
75902030
98329197
12808063
85026059
2325005
31283979
39854212
11476812
182514636
143636421
39841156
60095384
153375907
49740895
164230788
23987842
105814770
85136642
9590896
5824100
53734998
164233329
23991717
74089364
22291139
84904742
89884310
98837449
57383133
5888041
44564682
29647715
29252758
42540551
48179876
244437407
80192352
36938180
58068741
170076041
12836640
120187090
38028165
157493292
78203382
29572299
164248802
36131429
13076940
34386394
20875459
20875676
35446302
31523856
54708439
181636598
144376033
150093445
49296234
29574875
49413266
132240659
161788289
84422506
96383472
161225752
60887900
20871750
124982500
33282338
54711985
4650563
21131807
119496571
105812839
82737773
62549141
145654459
34380023
9145554
51386502
73954464
133822133
152067929
18025484
27988340
53614554
88273653
162845276
34022139
51801793
199446715
135030649
77309459
110760444
53740797
51387404
74903904
126426148
3643330
107516533
103190828
60884440
73470497
100544472
99767024
3394572
32334880
106877801
234740141
50562042
34018986
14672652
128412676
101748917
122214045
3952892
28867538
35252696
133808038
87529297
234738338
14917048
32285942
185798296
185802823
199323526
211409844
93517106
54960747
32493169
48820536
165502709
36988116
13005473
12756713
48823154
50121274
59368057
33794378
164245405
58838668
113848497
67141932
25605036
100259047
61789755
163178326
100251389
6574807
78491785
73934880
40050010
244449423
98932980
133792740
114559777
61313525
107106370
39246987
65895651
132391656
57274519
11504926
19651577
38344485
40237556
36406682
126435462
199598506
156038058
40238335
17616619
29155738
58072605
122289187
63788773
46487730
85112638
65442960
73490412
135423424
38021525
36648364
66002788
62471086
87039251
71493742
86381638
38703776
33907964
65448079
38238903
118852468
65893592
34866915
90057949
17127706
28864382
28086454
136782041
33910736
110726795
33106139
163749607
51716957
40308748
122169884
74631757
109289538
94050221
88290767
118837990
22442099
41534357
181614913
49965551
44595649
49943122
90950210
11471879
44680853
204591237
79577127
104499502
80588091
9653130
30585994
63787810
157933483
25793055
72497721
75846083
78186434
42579520
31163914
184787510
106340418
145453927
38048244
36132354
70117404
12969291
117874944
38233399
94023972
696848
28843030
8027593
93468276
70117448
111875463
93845492
106378284
43383100
88688363
105606068
65558251
107167486
16981683
48743642
7437313
143311653
181468417
42547739
7392933
77724726
49766772
98756597
170389532
92562938
122097058
58311647
108942996
11132050
170484994
92019926
161385291
28680769
64750233
53028375
77634276
58288317
35568910
107296969
40374288
111842194
19926836
53167117
99536298
8031936
161333872
199436640
10943379
127844057
125873208
65738080
106722701
107374640
13987214
107385668
37527673
40362023
148382732
105546172
77624600
41552040
188285
152084873
29755547
136776762
91991743
66481188
48738645
42210597
49605567
11660815
107296628
87907712
58680250
859610
105746052
93235675
67767951
77632580
163735584
36942457
48768937
200321050
242400597
7418682
110111274
71801039
106685563
87170913
236675430
77627950
69111698
176324729
65964783
148384903
24180463
123735005
48578053
50595141
120441647
91993746
167621274
19914546
31362197
72437277
28382494
29063396
197907554
166101602
33784864
120090859
156835059
156639420
213151580
31445496
47044463
89844111
50378802
31628783
157337150
57383073
161235981
101043420
140972117
152052332
112871096
20915316
122098782
156603535
112327144
29972079
70574932
96196350
99097872
243384359
93240419
14648130
23423785
31326289
71442457
23953725
211737950
104301597
122145470
27734420
10912189
16954368
87164511
175199092
176840816
14027991
75612803
225696969
65573195
41558358
56657421
57311558
47145374
104678079
40304954
10909401
170408566
47481726
14209107
62750127
10205467
24183209
5811367
28666538
56992844
77511268
47028472
52789198
69716957
34288509
114742335
58102523
47457735
24905460
130392954
22284321
61018515
49599540
128376900
32824310
175837673
96203756
28660487
185883877
29822421
122079430
28859954
36237245
49820445
175225018
57553832
16663101
47493894
34952789
54342123
96520000
14002020
143680772
176433063
113289037
200342749
16662928
26380030
130371107
58100283
44419191
49661715
18434125
31640058
28027538
29079454
34050934
24530615
84955925
96276107
20912874
65519754
116898327
48791392
60644968
41155897
14619148
81110866
117632965
26830344
48779673
34336592
51202876
17036387
39600212
65523107
183543531
28602221
28998111
108132626
234734655
74152402
70358495
51528280
122963344
174196969
60644403
71167994
64579525
20807073
116969222
28934352
108237157
70525234
122105715
112821184
117174568
31327400
199606419
22557932
133772904
27690399
93456149
112814653
46029049
145214421
89276431
14442045
151953547
65820798
89115576
33931084
64567975
108284214
19184834
67080147
54710048
213181916
140990108
152016093
20516530
112273026
14000467
28951457
7943552
95930572
1800696
56450431
56507702
21500324
126419841
68910803
31404395
64875745
65817355
43058742
45815248
57735595
145647603
70566021
96649371
133865452
113299829
29016502
79542813
1367352
36344740
143764613
96646437
77508346
67070824
127003110
104413670
112422145
95138755
152780167
101283219
113299910
8027318
77246990
44377654
37404928
145705669
94000942
69941370
65902342
60122046
70173450
104189082
32469601
140101865
34255372
116450006
9972046
112394503
34271042
132702488
140640283
215189950
12947462
14431463
50107977
132701183
16277862
79187911
37409283
76891412
16279222
233810673
2354911
96519657
58892520
110957335
161320842
80338069
108943485
58805945
19379421
19227667
121150320
174008759
83063670
123923922
133830395
170744815
58797634
39940640
89968246
173795967
11508781
50109971
43449588
28687766
199602062
53440128
106559719
101995399
103476298
65478773
49940825
64007159
21687925
87083961
49944536
117853913
173797297
21957229
54174237
64884737
132662671
135021608
58271461
14442490
1667814
68636894
36957555
19630765
225467955
62462818
56367966
1248890
46997913
10315103
56179482
121784614
70488470
118675196
123923288
71352047
3445610
131961029
65494036
56677646
53149021
9298257
133844024
208906215
212369228
98412713
113620210
133633829
104379874
13334143
208908375
27305642
15058245
93640548
53534073
106413046
96605353
103900583
35431837
141964111
91703241
27248044
69552271
31937972
104697806
67828436
107593201
122184724
29367560
50787357
208909182
72588658
118901928
66536012
113911532
23081985
127027594
32208909
73975686
73975758
132017158
196149936
176859758
13269181
24691648
65334712
49941647
233816504
143688298
4163612
73983073
7051245
227020521
7056822
173822969
69708241
127990840
39915234
132017849
145582532
69488908
26279173
184020542
72239874
106281629
4896970
19056475
48643436
24062661
167510357
87883038
94287830
14430692
73916648
87285915
27675226
93331222
130334034
161479003
45167886
137501396
82546946
181660389
44513371
36162582
121096681
132029229
152604723
71383379
96046556
42336424
213521433
69657330
105845562
49908151
3109407
26272768
3562075
58757981
21456186
93643269
89045338
58214637
33136638
28294280
60993656
17105847
22549137
20094357
112966374
68869923
50790633
20446843
53125917
105147784
54734673
93840705
3105102
143688310
20111608
107463359
74334462
48885052
34929422
58635361
54732205
42785997
137514641
49939529
106961404
52976955
46079172
105341608
220319481
153100027
105428152
49945241
93442240
243651026
89099222
53195964
155424887
213514236
74873226
174211564
148380711
34925689
29316842
121069201
57538351
236744626
59139507
157248327
67384670
52077386
152053404
30634300
73438848
117611525
181528472
165560618
157064317
152592933
70033238
121060780
148404027
95589340
29331969
123926515
87275348
15402115
58208164
9293246
28744737
100891976
113920855
2929714
22169993
72155834
98747880
123358262
93918392
51577196
118694117
113917285
98018864
93927705
12971933
99981222
19633228
157695392
13285834
36108345
16322541
137501003
115368517
53532498
43167274
3753470
17810960
157236426
65454923
62839710
142843262
99633189
108098849
107477619
119080379
140642378
107062624
121309442
54247827
45157163
140563368
104995788
12923725
11507368
57718030
74184409
155479836
98578574
85845180
21450656
38263127
115826318
88470330
167135156
130051649
215382654
93443074
36574673
48747433
74184350
122660054
14210897
98275354
168978148
60091881
117310069
162913498
155385754
62537758
17838248
27643725
142681460
42885109
30774525
61456053
60243284
127846470
79697870
145348057
66379291
183694499
12922503
49093626
114723478
5922056
116942254
76000573
20576242
53186092
12419719
121780849
63127870
98588885
74965554
62646556
21487599
167614733
70010220
33075404
110724488
225689421
39289014
110720400
133092278
20576790
103456084
6853091
108096239
2910993
208834865
23697725
13601213
43145154
49091940
33072363
28708529
27300310
48688635
62225508
43558142
19205458
161299998
112813678
112816099
66468996
71483054
142069014
98226346
28642653
107444278
72179574
34271689
13292263
11531059
17013199
118853829
83391138
178565913
76899036
71758973
78939964
66589955
17045911
26319404
54089260
10291446
130107054
64521567
66080840
39874314
53301969
105067737
14853088
40380681
5057087
59836961
26896955
43348178
16332382
68618770
84841573
107145324
66379504
61059259
3629227
93369096
161505157
45968561
71744186
45926495
77934335
17042416
78940614
122674412
14221591
7383538
43360681
59837734
26176517
153304758
11008443
4119779
12422644
50996469
62485472
4707814
124428611
19339780
8034143
139707089
65592163
51550071
97799524
42294156
79646162
75991816
64499885
74936526
36754891
119006102
70013349
55526087
80875909
118514236
114374966
52528688
128153335
45957609
54206715
91927455
107519404
160897915
75856942
16094161
17345771
109764204
53618357
44917646
75575963
50167764
126480242
71743954
56637545
128691941
15691791
58736901
81487026
43157217
51144432
43233672
29141155
13337553
17866533
57948003
161975201
31214950
18290533
51221127
185567029
36037621
220310112
66244543
125005454
20953618
55533146
45980056
117270989
66079433
59560337
67564383
31789673
117269329
23998650
69426617
12421059
161565445
27187414
65803370
129805156
27838597
11753029
68125255
100423158
125293580
43966971
74140925
38251005
103112165
15616215
59540811
20959185
17661802
57555798
62856121
113658232
54443051
104166466
32535437
157705551
101573214
23300360
84788153
66356632
84477713
130670108
75113682
66590448
166460589
26324032
31890470
118965338
98645741
107677080
49092096
75949337
2920100
85652826
73444040
216693791
37349655
14815413
27713245
122394119
113056990
173928736
122642027
185921692
94047372
135507060
127149032
129740590
60817322
39602251
99284532
52046707
106529302
79153448
4941279
63576338
4190795
103122645
59496462
106273108
71557581
105708898
37561613
26774142
69736242
127780401
76839019
16524972
167610758
35351877
84640016
117543511
66410109
70984258
79445639
103506911
159454438
124578782
135254269
13445626
80351607
8156616
81810456
46949770
166238034
53525628
17438121
143767557
110882068
65843616
57190064
49080934
16229232
27413831
164581241
171524772
174148686
162293403
7905483
166153649
63598957
162289146
109762044
72233810
39598203
66350706
141129204
31791273
13268463
185766912
233830994
59781702
99065261
78430502
118809612
83007017
66353322
141130853
87144271
157485517
52986012
69122043
103611191
111258134
65560620
72986136
53752057
167770086
28397611
122206817
158860186
62914954
83386772
106996964
74166666
62127538
139639576
21327635
16408940
50645890
28720741
74141190
62127291
243811321
21328825
75640517
105229720
23966425
26404680
159573150
30900015
11763129
59553662
763540
52539134
143533052
191701185
118809495
49260691
58392147
145927688
39315563
98678145
13270945
53680107
174151619
97425366
23967940
111958953
28274804
4123797
13268396
7371268
60218334
29094798
44464629
155559612
58304269
41853700
153845473
31462931
58318963
34340447
125292401
106264433
159340299
50764404
127175202
122042199
50529459
131708185
18014304
14170131
58037032
33774948
7362359
105198374
179070445
65831184
114030799
21758708
215119799
54319327
35820686
177169430
84378575
16822245
29054545
108051504
144263543
27390399
131947817
164585004
145358203
39307182
159567848
53723563
42300278
62896144
16128785
28390351
9147549
29011464
96414960
54363002
189603032
207725616
106208798
66328309
81751340
98174949
122045094
162280748
57241019
107670972
89197616
78686823
29902192
69078304
89205601
51748146
53667443
31929909
31020008
53471218
104225941
7943246
105215016
127204623
18167162
14914621
91213853
7533021
60470926
34215436
24195587
164531305
80937651
44462133
99177595
56371745
108897344
159888203
39840828
34204828
58378657
164573847
28807985
27978573
178539507
7071059
91954794
28748462
81354129
101319181
38072402
79413350
84392473
21323694
94439411
16186815
60658751
38918032
106360538
85845473
57234904
39834102
60841877
93568527
24195048
107170894
135029775
30792118
79714654
96267139
79709510
76468619
32150029
74840712
37001926
98634277
193321115
98640825
60647712
20311687
7223172
79713597
61878414
28773478
108896214
58466434
49716117
166159326
19371767
97414949
51934783
13915807
112317196
39837920
36752544
24574409
157714248
35028299
107034723
39300697
2564267
14798618
41807416
17871598
40891319
18070761
23285901
19211776
103744305
53243211
2206326
76588178
154020378
66704449
107592100
107832118
92163132
153370391
59793535
156594985
91945572
10161088
44153132
60775820
66374587
189580148
38072247
70019811
13948065
14789521
69862423
139712056
184864143
150035459
35874192
76473852
61028673
14795876
29742409
17279482
128391434
211942466
121918081
76156973
8522326
35088635
43378701
181571451
66630569
47004037
5036730
39376022
133588430
171809211
100983179
139420392
41637688
15244847
88370944
137076353
155913984
20890867
124005407
129729412
14516667
189614473
14876808
99292136
141467856
15229671
84158248
32808804
96489212
252344
126731418
103628435
173682948
143522334
102798296
229189860
58359289
66092243
65737243
180446249
13910684
7215536
131322432
49729637
55585625
117901251
144053438
100478315
4346226
42688931
36007413
115473374
69065237
14302728
116145242
108583893
40898141
177759645
43491477
93710821
133304295
31893192
160911968
77288469
77293137
51423833
76459369
85265779
24962426
28037020
21287105
22365633
2209658
122675576
74848686
10169161
106146863
7363088
17612910
99601886
104677739
160918447
59967940
129374072
64951447
60863485
66797854
104374122
106026316
155562445
36524411
133662432
77290845
77000005
42248289
58565501
45285209
136416957
143068806
139713816
193394495
115798424
127165480
50692940
122346052
33418740
48789709
3880228
104446363
1157180
94436697
122347612
62421204
39829736
71860008
204966170
42908726
64540960
36513326
116567502
16723742
139720028
35850225
96325591
60783997
83539198
153779236
32802354
57645789
48186942
12085343
27254967
180783280
152074752
81999568
140808464
117364120
76230061
3188616
60877222
91813985
28417135
12991274
31490621
79898660
27972479
156585409
156316696
32861230
32062066
123863028
17280522
24563953
35028119
57429005
47596020
25300643
32900837
112323249
56945688
61183702
123860048
42825487
24950571
124514673
53407012
193302752
103606122
22859798
132502212
19744129
8794106
133803635
176726213
18380593
164523801
42705870
67697324
134889005
81069401
115960540
186526579
33085585
47483347
99140818
106637457
69013506
134976652
40844648
108283606
36106745
23331706
111786836
91228035
92976943
98635397
121944948
24534070
51230274
242253024
72509742
130979716
35821969
64285502
85781866
118550021
70652467
49786127
132789778
55582684
63861317
13148575
164751491
176754378
139926402
60993656
60219802
89729730
192905876
45184423
97119595
29707986
29601303
124535812
90115559
87752141
49809563
97981272
106498927
106635519
93267801
238997725
40075473
106635351
99566007
113864874
47892298
89230643
58855816
47061700
81612479
13254875
75087241
58894905
40686342
19237613
117995899
67697856
58658343
107343402
65357514
24526740
65469060
54182479
1798805
5292968
7253286
142862830
58462632
52828421
182077680
58964083
109446277
46341259
127600255
131335536
65054536
66429304
117212923
180931395
76753588
2912375
96678671
234834281
71639617
76437970
17091721
10260263
142247539
241806189
151000183
150761314
43805596
62473752
68739452
48176335
101906454
39309757
101675872
101423799
131286030
139701001
72286156
2547266
135247752
70954273
29362812
71242457
99127252
20117039
2554097
21641522
78579941
114111348
178540163
13702169
77033699
104018455
93679081
31853968
71221537
139411146
30072382
15643065
34064478
3893520
108029518
200874327
187471046
69683016
56783240
160440734
145078959
89769745
137305256
28792854
240265617
166159422
132797012
20917514
110936144
57612390
18182771
100895162
87421598
102170862
29226713
25554805
61539691
11290295
58571973
53162201
13955506
177759149
132829572
107304576
119485337
79161532
155534676
61171338
56126436
171824549
9508427
68242866
109706967
18274996
150069726
46943877
87072309
8033368
7204974
85529432
112866065
7533164
36691695
4811925
29226711
152948430
227019305
109602582
34238884
16295704
104907697
4569436
47068580
41095960
26196593
53986787
29854122
103915456
207248394
30192618
2554297
155306103
210387562
78293304
72509495
160747541
23891342
60566180
70248688
117522917
107588707
57699394
56352802
24482719
238990388
25194628
85830272
106012828
5923510
140563842
947363
78793874
2735459
1254369
21892165
139703395
61265802
41735209
37681249
120473643
22855336
128571117
31886347
144261692
20325339
72960011
93681057
27977635
32718844
101785956
93366174
31709349
106544298
28744027
8032215
86279320
233462095
2554612
2734993
92145307
33142162
42370991
35143860
28013903
147687110
149594840
108210990
106640324
38595759
23353277
27422776
89730826
126165046
78629917
32826002
10878166
79905972
89531989
124755432
20541370
173729572
18412044
102972695
41820155
125972744
121808868
21986877
57477706
151318495
237030681
13940848
30881787
39106775
68073415
76751058
184823631
40360450
39973151
53553926
42616943
29909491
106648712
14248934
92020699
21650664
8163253
32484569
82065593
115296458
98498441
184873228
185053385
192150817
132717613
25803635
57048571
93496111
2462577
156305504
109423874
100683550
71988106
76920199
65854776
4922201
134429656
87806090
100817901
44675514
2438492
37681908
13461502
120423601
122778574
174462048
68432933
113800519
240321051
13956663
203459179
27978761
4037919
24908737
170984229
9043304
161917268
106037894
211433738
28021697
102898924
77452430
243956683
77438695
14745223
109446610
99865127
63395257
79915984
159497225
144916804
34814101
76468133
21372930
7962060
107256585
75226252
36127106
72631606
36123057
42363231
37407690
75147813
100729348
114001819
81911067
30997828
225783179
27676827
65718003
49230035
30884268
52579288
129559317
106552411
14854543
38942641
105853204
30993960
61704650
196771295
58601888
91091035
92041528
55622027
73393284
27669803
56032231
23805569
11000446
36581467
181545594
24588243
106889202
57029449
113724640
31864937
12883524
81572184
118856307
50897929
38011997
89375079
97799545
99552168
96925269
54219335
233583662
77967507
140371060
8145742
15298348
93366177
102909067
26104057
60318058
18459377
32351696
16901138
139711279
85477788
101542763
113878104
171183104
54627052
104420700
70540347
159906849
171190784
113276932
106147816
200366369
42044317
84896824
38843968
27257411
23995248
16415518
79249708
3541944
179292766
110435636
91136731
45192276
64236717
57725391
151221936
107507702
34211779
64508258
132144401
53476957
16907843
122176383
113881183
65530637
25857055
98288581
216871412
153724503
198142269
67208622
3994891
145599194
234851020
243725223
122782470
81503839
13192759
58717410
43846036
108913403
42612880
45408836
24499602
23736400
104586179
120267936
32356593
60253877
212761527
40415535
27588806
43932421
144080232
139477504
51620301
32694694
77723195
13186775
65428134
63033449
58973397
24588151
26179366
145601057
11258197
40828375
12267885
59015658
16314031
51177608
43283181
123946841
7923576
164910216
42335685
131302489
71955743
53511069
76537693
31425275
38716647
98498099
74060890
8134789
183435713
153507705
73895046
193129154
23310514
160698700
38369075
27255690
141659512
115071222
28803552
68477925
28802051
108595347
14875367
98270171
43517732
20018118
70186171
18424180
105864056
33468014
63074219
30459034
36252564
73896742
59823791
141876709
122663321
42006441
84897574
54884906
83229793
52818486
98149785
94137890
93683107
71102751
60521741
14134843
39453646
3237489
27422773
220372091
40166871
44817806
130107931
66094785
101274392
12698832
179369288
76054889
131989678
60710347
109030041
44376833
129833211
126557808
21019207
28858147
3826749
142520965
62619629
62686667
41222487
107665412
50950805
121046381
92053867
56025250
58673446
109103673
93258803
65597523
38718235
46477106
46768679
122475739
215052524
4502761
98546911
32917544
50733623
109015350
197711492
27229079
137006969
149430915
141660675
51388394
83386797
11227070
53995325
35018141
11544026
35527716
26949366
41231468
127672675
1952841
57440072
122710768
22488481
1147595
181545037
4780701
42717590
79241349
70810760
60127249
122657199
95907107
58928845
60879673
104225506
78593343
3960462
71599302
83243165
176098010
26851996
97854533
134084459
94731003
3141098
92026071
26898629
3285042
7390099
149631413
16602540
24722990
133932946
36492945
125127132
30136944
30103476
32565213
48739842
98507232
40405327
96366647
54441790
27776291
31368363
26523628
71371142
107572320
123848132
48570802
98270168
72886012
61779816
115002612
167452251
125569550
110507991
97645213
143446472
200275209
79825106
137280764
137483980
42106642
125220822
59165114
157937939
134266999
46327568
4237041
13589212
44758427
151686983
112042817
219658617
52219924
103585664
15739745
37007927
13545130
230704946
82344288
3306117
124672263
49585464
115956800
56301802
144273988
35445641
134994816
132038955
56574391
53092937
51299884
182824432
144133587
44469031
30585762
69765360
17910664
54166320
120207405
144532324
84545030
93527524
33265642
13537547
71972687
10250883
96984464
97500775
33567560
49593167
55122494
120297754
54441200
27980971
58009420
177126675
14728950
4909211
67905710
62769988
203915457
115222305
137104553
13122996
19278676
140095800
23410974
56019495
45388175
45314013
108039298
51140911
12648795
56594919
179715869
35776419
197905384
13932019
5807959
8213810
106416435
101557059
113103935
169255192
48626645
165409177
78966583
107620659
33560826
19975992
54158817
108733684
10369180
15520688
37315686
91234966
12819861
143586923
75932594
118493393
185712254
11602910
39296300
161491740
65463665
29272896
152285847
41816980
84558285
137494278
59887553
90797331
102851881
126294080
27564862
71396960
68691900
174173272
29681042
136927876
61642876
174429248
132065189
6603021
27166822
70113475
49813237
124930982
158855387
26262494
67146381
18999100
45422236
164013880
84644967
98827607
11863086
41078473
27974059
180943529
26128446
55710350
156902201
54109239
44420171
28926923
49746490
127417164
71837502
65412696
230162469
42167236
78859110
118492397
130160706
19963605
85610769
53453207
136215128
24174252
157390781
104578923
93920850
107701375
5192533
85703649
41482914
171938479
4607529
6586384
152149435
85437260
156488260
56465910
84559497
26454551
8450638
91918035
117697406
110811185
47839158
135128012
14449388
40597273
36632783
83209352
42675053
156442418
136933445
114174431
49391715
91942761
93975485
127122997
14446310
26133616
216714461
72552726
43541139
30122668
124251021
94071481
32791299
20769529
179066443
134113300
57352640
156480831
38248301
66750040
36590010
114164146
39073303
133730324
107890501
26091336
4721683
184875154
215025763
58101205
61549580
132796757
77773876
78771275
8855603
102863600
212585636
9068858
79453008
50618449
92801203
16828594
172429907
87728007
22136786
35759495
106628570
116555771
152001626
36410839
48422820
135531703
169523666
180400251
34938631
33029570
131205421
13505496
17857253
105047679
109030729
29627211
103745015
112910783
48733552
77072106
30895395
56017523
23189114
19753292
56566520
124838346
106137759
86192677
50879447
58053154
159597901
44258898
88130641
53586671
87816757
7614876
10066870
176169058
43946476
55838740
142558717
2943755
10749446
67443159
44852612
72898348
93263948
135301389
88472034
62969125
82648514
220136960
171057320
92609705
119043673
47413079
241362514
79622370
50974725
76247076
44269982
180997573
139482975
220449123
48464457
70652204
114040103
66165471
89692298
115320468
40157251
69195133
106783105
32398712
42331740
67763054
139494505
71646254
27536374
51803430
29210595
36988062
103013986
100181897
16123232
27946742
122492313
6720034
13326642
33451026
41753928
37857462
46441777
73091254
120877165
91733829
43403808
84317082
6970259
236619713
135499236
105924391
41786802
39121675
19681895
72257540
40132483
64900801
131313602
34121525
111836674
92675349
21082904
72477815
27252454
97466654
146983062
34840516
89234115
28982630
163751535
97867406
169936414
33168050
7825695
73266005
58393545
119133623
51076281
160298088
53791374
21800199
96030564
38357090
29899627
38718651
41968734
43274408
80043349
236618246
73387386
56411755
61848515
98433223
27702947
64616335
97492430
121982905
125135227
107011958
76026671
89618530
75395329
65475332
2170113
103557806
1795459
120443014
177411322
1777045
182021804
30850996
74727081
185727948
27677968
11320104
107516926
124349945
155810346
78028087
47923956
81906626
20079073
103810966
83600310
57655397
62426931
84063715
109588327
8913052
84735533
44431906
163745701
31601130
3992901
82289843
137297656
101286822
30893317
41222121
174110952
37420703
35732653
153685045
158433563
60577908
94355622
83112106
112502662
102114675
9991717
10061711
233772300
42019919
97867379
47045200
73409683
70490677
112966663
124197595
36713720
74852697
74056251
17132561
188291761
115807542
31287268
49789337
46605277
52908686
49027518
44394418
30866890
115104731
86413219
154684153
115798618
86153463
57605354
49422795
96012085
66111415
43777852
52442689
77934587
84361518
49582589
226780046
43264789
46546926
50679081
210900649
37113123
108169484
24703841
27815469
17672680
7771210
52897698
120443665
72194716
1944591
143596413
96679303
38709928
72689212
110154085
28954388
178736851
125044669
155205196
37481344
112827048
39115623
3435294
70631590
73246778
92149383
53857821
117047932
141293755
105768101
110082071
130764940
101964458
103588507
56770861
67323026
27213937
74801578
105876811
120249360
13183336
3712192
101980932
118111893
42929985
137413307
49998596
47788775
119455165
56927666
147600501
53488034
70677773
158658082
71677315
97543137
94051170
97630894
38599172
129147080
154900721
155439866
58764581
112912518
978193
13549136
39647168
111944220
126874806
51411662
29702910
84878328
103834770
69415984
41368215
91571502
93137574
14825609
14714681
89875623
81534733
78847259
105433088
63816402
164927581
93968162
28596064
9546306
53693748
138451864
129817493
167648722
12212534
81557850
157282310
5829704
67588000
4331551
79095833
233824870
40705417
92680062
34370020
119425192
87980218
42581248
31831159
20931325
31562150
93744376
92863484
73529094
163024377
136931778
115719740
134471153
97575351
71579667
148380769
25561215
93177709
96299070
236502
21905703
56000853
35891384
134708247
120423595
72646885
26449219
39446228
56317216
113240183
50850562
174191148
41573871
26299295
115933686
16682158
114553141
114200587
3453083
103488776
105078813
72927145
88604157
21581444
31106893
69995667
93964319
131833006
43330485
75620434
10345844
93407007
27913452
135857646
121485336
41606847
39178375
36920800
45518599
30978034
53104253
23713125
54887598
41353252
56411706
85869737
140454376
51048445
24326521
34154118
88690865
101644855
119083378
119913037
11179453
56474502
52663928
11812141
78596391
113657556
94435083
37038790
63304255
142557335
570580
22194154
134018656
188320064
65043795
91592612
16560047
135488584
119440066
122775356
59768513
14579332
184831976
61993741
167627642
85892767
27322279
114937805
713148
136929586
19420037
96490629
15720253
91510982
166043091
42790985
208980164
92960172
117779302
114946081
64288905
156911600
62714026
114733239
93487839
26684343
24396841
74813545
26642279
57923006
127169897
124026883
33978997
86264614
59523749
153922528
68011092
16310030
98908959
110851686
106407804
180941171
68432051
160265817
5246717
107159446
124323604
138642912
48649457
156697282
212585204
93192029
33839458
40894967
45822092
34964977
22460040
81535181
31095738
178021885
75863915
42951012
98475302
54293269
166132537
104236645
13974563
56651634
133930097
29678837
4899567
141706467
80376490
7249696
41186405
122750388
41721764
103122561
93164505
24516645
14280613
173540015
212639507
24106445
193742173
70165164
127958529
83624596
4480995
16196682
142907325
8161222
126226827
89765453
153186237
71819798
106923569
113383985
120040254
70480782
2282206
107477577
42671683
50883359
71440719
183517524
26178513
75403329
60112199
35697982
184831428
24707912
42576766
2672492
152120667
234486143
158547154
83587350
88363494
157461985
71621124
182276761
4237494
64084032
24484207
20143626
159466014
84808756
68324078
27758274
68007814
149096383
4499976
159572120
91001525
115324352
77097790
116498715
109923118
113447787
74322759
91543138
203064750
28721962
83466383
123254538
94536510
73665888
41606931
125309875
140282101
1947218
9378942
22934443
53593632
46848115
133262015
91148773
154769658
132915124
149667278
107629975
171190426
84067804
123851372
47465366
78161376
58457630
153573528
101910778
31951494
32350806
61442034
62024958
68345016
161499831
71091555
8088520
136922700
32097088
102263973
233827473
156481022
9860588
122555623
11103496
134133883
11853767
43908099
60793564
59838058
94671548
116039608
73163823
210331585
68045016
110824543
63357320
12924035
33974683
67176036
50616806
122483139
97552787
11661516
186710990
68113073
62723922
61456420
23832717
57762913
156094959
31299163
96347193
68522945
129723079
48293689
119430266
102031752
12768218
6212282
21911865
86569880
163627640
3220265
35466234
22113835
43573947
141067955
175594732
123211327
6107136
183950306
27703715
85493834
60064669
66219642
29939920
106899659
143042604
48090485
69166759
46979483
2371000
11079166
49949169
9466467
77046740
99516241
142082409
5569327
16103184
174225537
66489778
16354557
4676745
3917883
154989222
51892547
110192766
7694750
243512317
175749959
101157971
13780413
63375060
135193066
32962089
62930850
237742717
193706511
99532265
71046583
114335023
186819160
2094187
21820100
55199933
202849655
222027431
32991927
58625388
20912018
83324569
86913029
18281729
130818030
21054736
49232869
66444697
16968732
39691791
55488410
55200059
72591344
57406769
17599106
105406416
2283392
126354274
65688288
46334167
131492420
18457943
88109528
39246698
116053739
85271335
153034687
100790940
224252731
229941439
105061759
160351251
42020588
132762881
80501358
90257261
63357817
156448341
120253453
34381107
92820738
184549539
39524925
56677050
94370519
3211064
89412086
113653136
49336787
77551339
105223726
60787529
233701221
126697210
198035065
20348253
63232696
105030157
50497694
51088194
42613545
73802226
69597932
211060104
54776175
120372899
126965995
81948615
7486317
77837892
143886855
1717158
6110691
126043683
41880925
31952890
36508540
45193147
32918180
34631258
18026440
141061937
3940179
140693020
34537645
181045656
235359717
20818313
42020519
23952607
38652032
13532167
2179569
91269887
33436960
18668624
97923499
40369195
32412709
109918003
8525615
97920501
15448631
66277821
77752035
107336918
124434109
44488466
27994769
44034186
71730836
124237178
31077409
98209110
90825188
44754020
62509211
156130077
81304767
126968590
36192566
129183774
24291053
32537173
18330592
18775592
77871693
54451811
2394896
13251416
7264249
93665361
42621228
46716035
11070919
12427691
65976780
72944426
11073506
69259253
98503520
108870586
183725668
24850546
72419549
30916250
97310892
48421570
61722142
222475129
235746105
83149753
27210253
130756349
115037579
33716103
62230806
45016468
33813089
23891433
33687007
32242462
23831279
34096535
45317598
40151810
14137233
38287884
42981678
124468820
140169539
68075346
182512444
220207296
59072924
51175014
22534840
174735734
58719740
1946914
87620344
212602176
230703834
91761444
37685599
110332160
35837297
112834153
67434010
14142685
42287266
226043141
52218805
107005665
77373296
110714410
14942171
51248954
213109096
133708729
1102386
155553203
96582004
57675815
31783262
32106494
204531554
84712081
102884595
243640881
107964178
35539417
27815533
14519512
24872414
69477425
35066814
155308061
11771680
37200680
57957674
11543342
182001101
24290348
69607509
28986701
122772313
42379425
86380236
97861011
5563857
172313724
41716653
83114395
25536418
142349495
64849384
41186489
27989385
238999263
101845870
45141165
74327707
30868206
120568312
22250848
12639911
82988927
23746704
23947174
57988835
113853527
35245482
51875791
99037484
177203876
57969079
61800721
41231968
73658137
22501574
117705815
51662942
40721128
20178915
119796352
38713502
87906240
71127045
109181911
28372572
38743223
68275597
7711758
1334242
45390336
63461945
47036985
91456478
244363173
32449228
158431182
133810818
10831021
94093919
114357262
20542634
42904536
51347742
99204220
59393511
226787096
50535942
112222303
208365370
111071279
108869414
25396450
14510442
40553333
38469914
161408397
114715598
203774793
9173892
53143573
23141924
210929791
46403457
32444144
89890418
61052949
142996618
39243405
37264182
89214972
30371715
5150171
40683852
101689506
12871099
92716979
2410484
26389955
73003498
80540462
9416962
20323476
91097984
34641699
5550938
53738424
64087955
126978142
113491484
38439752
169355553
72585197
134444801
126221336
71769696
38541455
11010037
99524654
109479509
131259195
77870067
220384552
43607507
100799060
196477946
55665490
10913397
40357647
14762655
124950825
97505608
68906649
165345378
23204293
6787025
208275210
51593621
166052795
107684072
70740642
107563200
107340162
117016937
57297335
134813032
153752065
150170365
51478336
49466036
160910212
24921617
195964298
97352409
129145704
167200339
46360390
28186985
112820517
151884622
98982627
144299411
47039546
93869564
192760373
20297664
5822857
77030872
109906017
147011447
64073927
18689607
29807759
93821755
95777386
44053006
183951431
59657494
66226581
14324511
42748180
84145403
101554587
126816602
119415328
97849280
22278760
172786978
43745929
77412307
63132449
16694610
115790634
53324993
6760721
23516925
36941156
42916859
64872003
92457563
81318966
98512431
61246759
56395420
10060920
31365574
57438451
59986543
113879357
40092864
2540278
92321481
30585563
84098153
95142235
10592504
48632756
27223614
3443975
76730202
90349964
107366089
165883946
114715930
114704082
2746066
39243330
105703852
50422996
124903301
30114664
25591895
41616510
115375528
24058135
135017101
242473158
99514660
105186645
1203378
24615602
12163360
62685031
41333893
70771134
26722785
164166578
1455444
83277961
134212575
85036013
222048665
123070218
88895041
31189236
132783334
109759280
89800058
47757485
54245635
12372589
56236696
135452522
9467550
57205553
8019208
164465716
57491281
10447194
121161926
19623858
168197090
16513210
25425427
71845152
48396364
192892998
217438766
39993137
174187007
30345526
60798217
12798820
70393483
99096425
72213258
38125187
129229878
181292516
115205520
5903561
92657021
5877390
115092018
113976814
58818494
123592859
166982290
89759141
49629479
59451222
46640956
21728275
27591220
106892472
134018001
44737407
47090785
154361126
36651792
167317013
88831671
3369552
41076288
11386206
72344371
63694794
16396583
112479180
29946345
84366604
57733499
65367356
55351559
226082498
35084108
77750482
51079211
41258048
172125651
93108743
15259397
135539793
42791903
82259537
24654489
34999185
30081443
92912588
134965260
59104524
120166505
82829354
110031342
10370133
96970677
210098466
2097716
109871458
125658562
140094426
52592266
155567675
22238269
99706837
97579499
227303
89869733
39087153
2491425
42184143
55830628
14068504
55666822
154240309
133786590
51208161
33337505
92446044
78930598
58894287
6960196
67058686
77503560
19316828
105179944
91301807
85460505
94058721
19277148
99574738
5672875
3446107
200008941
73409297
27978565
53813661
241978665
1870386
23278328
170282396
20285515
61834981
91413758
23325709
36878832
131879665
30644828
39807251
46925170
11908138
109693885
65867502
28651801
216920820
73849834
244338185
74209097
121018857
139969870
84676590
66109133
98834517
41805820
12624999
105063372
34990968
116990920
10762818
167868430
22491136
119812134
131775883
18299760
14419246
8505597
8296934
114893489
108901466
23705736
152466290
28955891
96098992
83340399
29860341
97786700
92638874
80014944
59340640
22474494
182545711
78777318
29548319
95472127
4711326
72561249
19818976
99289607
24868507
242926131
69473296
37405210
150086491
139380745
186697926
93993713
57124080
2338786
124545750
105143722
64346169
170841747
113205566
125061635
129916960
172496352
152427849
88111029
58600857
74321238
57986328
78293061
66392336
42086277
142012036
18106503
15376736
35680301
194775338
89672812
152125444
53855083
113421621
107167490
36148418
157534105
47882654
134977077
32675151
137545148
107692467
21892188
38609325
37692670
45868577
207577248
34369761
34346282
156627146
118901166
26936596
30713831
8242528
79001300
66556265
74720877
189685886
213108970
24066665
173133108
62256068
24768903
12403747
4160551
71953445
92423663
67644395
159407727
77350232
154602135
151357333
101549335
61030954
27213347
98272358
50806723
170533431
85571719
26327121
93610015
84995052
737269
124491386
106901301
157818850
22809525
93168982
161493361
123511738
119498706
70626919
168657869
75258719
31282884
168268634
89593976
5926770
16787120
90925494
98963378
20042503
41233889
78088914
20878955
8322531
29624839
34538252
182357968
80557091
60745292
91485534
181301161
166553217
42349984
101376591
163618828
15384882
60257697
62642849
43893717
5925186
162560303
101259952
25195012
122460352
159473856
13652413
91009814
13731028
63055643
20915069
65127476
16533896
66929099
47712743
157891878
35940243
44896846
38088244
157742352
105115721
165374321
79574888
109600293
20084999
204622064
98450672
807523
102141131
67441453
166633727
38516585
92317858
97085993
114023016
80711958
92176986
130492617
25913258
64892198
54374063
25632023
70378796
133927878
41960787
25320099
15294919
23221931
62670427
88124259
23395514
79342285
92211768
36066578
107139203
21418371
29977491
122080117
55602783
78588972
113693878
64049021
123733171
39858533
59505612
145896782
66942054
127113934
103486556
152887260
59524275
132643186
92205382
12752902
6091596
81348755
117675855
232488189
167668009
42523489
172670853
49133967
3348269
31270962
19779939
172465792
32981142
64221290
113220911
174866298
126820152
25718882
103194998
48323818
30255341
7502034
66849925
48737639
111246489
87868853
14391106
136885979
25519675
24719338
83122589
70140098
4619380
134916131
181495610
35520797
163430818
30079726
49910139
123959681
57722340
35918854
89226063
157465939
39167166
99011272
3517533
202115945
66158993
80839757
123421902
57153580
1512620
41109562
34903360
132924778
10221454
22245008
97847992
6088734
24256477
77018103
17859370
97360419
18623942
2545707
24611978
759576
130412687
107634560
26664506
216830128
60724086
174139401
79388765
166672949
97865504
47307853
54578482
81552206
92506898
27453796
91820796
16451576
67353579
69621882
947856
39145186
99665579
143819327
186293957
55233524
53552124
51691279
163663233
53562185
196153829
78543376
1371814
35210301
35280104
49980612
82985314
39156481
20770039
72995537
107005910
203045583
117647980
127195224
82283599
211093346
21570273
15212063
150209154
11073891
106429568
44282503
77366213
83914993
3448842
57480777
102494465
69445385
93349867
67446015
38560311
65335545
42646677
39272593
31369870
21467190
64343405
13817984
59045684
64102897
44929415
134122223
51452563
1861094
17792752
51933907
12597948
26364670
88694823
180364865
223348215
216935205
8271655
85893686
95062135
63137238
127986081
73131694
130745948
26448194
839563
89673076
109046668
72006315
5853383
20357927
66583502
39831243
105757111
4553240
34006746
177615133
77417008
119236410
38267125
133252496
27248948
4399917
87793401
17858360
212469052
74072245
182612112
111598788
8851418
101028818
124601014
166153545
41961745
110661902
152711002
14452366
65611101
77685379
54911005
126718770
43591442
16361900
108835343
131351884
73598374
6679132
93881677
53522943
5961007
88558769
6529446
37832488
9645380
109646803
1668921
21886844
174358573
74328141
101769883
28932128
77757295
172852913
43192821
24666667
238768875
103247824
39818432
53715939
161586399
23750902
31253230
173891817
24395272
88008175
62191475
194413965
97062793
51881861
126894537
150303868
8071305
65614212
93965428
45937309
104078908
72278941
80192084
61633996
58253505
105166515
167486672
68374384
35826828
34004767
49747054
53470001
99636953
41867313
76050790
124252658
132407741
53100260
176298368
52838196
145860571
161812419
151353224
80755672
10976524
9026818
60797896
54635054
118871381
27339913
21072521
83406228
11508671
39381576
103105908
87590636
9319503
234449753
36282787
36744673
158765180
97563302
120424596
82876486
226650581
73428007
91555547
59328200
73719982
58506783
14226341
86406575
163145867
69821401
47948475
38732045
14838078
1321833
23420004
71884131
26352969
167733789
123775124
157535977
110034163
188553074
24559722
156240835
93732427
49845269
79118602
49567573
4822424
98037190
2276107
62032035
36494031
21075330
68807628
122696223
118425484
20359581
220495572
40129551
65308021
43745031
191302478
172024642
1381680
14953747
29595140
44043204
59301580
68550432
61871016
133034676
60770080
43662341
118098235
73418257
27951417
29274720
56559816
130508718
20883449
63878967
17453443
18559657
28474855
58777772
124703215
77412854
32280369
151289608
89888551
62455464
19830921
1142424
65545469
29427472
75007413
121343435
136338580
1129666
99284506
38186106
47974689
34988298
70841176
84462724
62183839
64858216
45916913
88975620
101633869
53698621
36051774
99984590
7358175
122204176
2361452
38138379
86739256
4528125
150673722
164808567
214516927
766001
48021863
37011667
61042341
97848744
160091836
39318539
29994392
22217884
112542002
141910639
126593434
4309713
97392907
144945830
71656485
49791659
12250158
39741124
143915454
49574239
1624731
46469962
173784960
7881931
79316177
89766063
70756181
236515155
102052775
85281410
82669530
82977585
165772578
99521286
109996293
41922220
162034508
80114614
51668465
122196773
112656635
217573445
179298342
98002508
26622161
168974215
78564752
41136030
55227413
21812206
6127013
34557175
61646503
215206537
53320713
179443188
140646051
64412150
3525145
83515750
731794
29176614
62360075
78701803
101091686
87686028
69455505
3727589
201636846
131225242
85609039
4844467
65576803
120071078
56044110
225502541
11075552
184615919
92988247
173107281
60899628
67064924
21599087
7776639
178590193
64887711
58054447
21797695
99285561
77459650
183713573
147367358
3928470
67748124
52503658
4689138
47980916
70253693
53186704
51525951
71881828
131919491
26189305
36963942
114800696
69993342
8187646
6335249
71314864
736629
72608605
96108173
31099311
4441617
72987442
37153324
161722246
12348168
183403940
50838544
39176125
172381284
72018348
205355677
66130477
175744280
88822693
2224667
29216738
158468771
105891264
47126800
17821874
21962607
92122332
236577613
139398663
36097882
116748944
83102725
22290189
72403931
40198084
165823238
164468414
90559340
6581746
47717626
34608896
16315658
33606524
37147574
891338
88856370
44707322
60034951
176483881
80423907
4232588
58234164
19749390
15259168
909731
53211385
34157772
54926182
194641042
115611891
28855785
33588830
108514538
85047
23021778
22668977
24931779
114900471
138685612
150170113
166168360
31330785
150681860
124607279
241342650
81184520
159266933
76882785
41960058
147262774
13119532
14283654
69138602
67251422
65883895
135441272
120604760
205339517
25908234
170173062
162406039
192306219
74162428
34822401
66447328
199187376
54268154
107071505
86081986
13418383
129863533
44268611
96690377
132962500
72158675
6825060
59376395
123320778
89046761
37137294
3988811
113317039
16865673
84838563
46862885
90800869
82504750
1248979
50065935
54035129
17994240
43135797
65621669
46365636
101460679
27095831
55352863
197872019
35165693
150401960
41259180
679412
104895923
76721432
120858247
47770417
117426733
59229698
16503116
154538413
107730500
38938936
5153750
221483430
196681938
87841490
15662690
43615421
74374448
48393304
67531209
14515785
45709375
19757847
122132526
28329324
59898697
24597871
192960857
37046257
78170040
84809440
86851560
39642286
57743161
211171061
181419367
207279071
70355123
221980851
59787284
136354521
78221639
47966752
11086769
83866192
175650971
67890992
35636227
16543896
45453212
169314869
122587070
55685826
128533229
139549701
75080165
118954563
7200183
41473902
144900666
88481760
77326163
8636156
75247597
175647816
11266699
17244840
118039508
114858968
12031439
42811025
2704918
134094519
92809138
14811169
32275699
42328468
100084203
21956404
23550676
78148794
10430126
43664838
104402484
131147496
45855051
41314003
871449
67958506
132287030
154739231
42718898
91384054
37131584
27127498
94738448
11537441
13165842
101108684
58028361
68984930
68515113
48123386
15065228
14072689
79993212
9222671
127324022
97549812
234383010
128330458
95068080
64716469
75643525
77969293
4952592
15195742
101097327
80091543
83382640
17008235
66049888
84613490
37522966
113557624
121811430
129441539
163304290
108175196
134138901
19044235
113455547
150879160
47303963
171892781
115923034
118857526
163785314
104062200
164602146
150510122
38236068
51240495
23027711
70125364
39679778
50191849
166873299
64009879
68055014
98112078
112136683
17424333
100832728
174791319
17024219
142201402
58496957
140943432
185119684
92621174
190955006
92018013
104339253
30151601
139466026
46332857
23299680
58532357
85779998
12077909
139415944
12249506
10022064
2179490
126756640
190389160
165373210
24099170
47989527
63461963
92734471
10341468
197065221
159780252
75610411
82517172
50942428
7511481
18475285
25527653
58316622
58825795
36717952
32736043
6705944
77909426
27105410
132931301
85726583
165992220
35061777
62123885
94558123
48505665
100582139
33815924
95966254
103282602
66690704
64149632
27859942
21806432
74582408
86103862
43335570
151388423
185079487
50212655
41875951
195888427
72376808
87360500
134377978
21752786
242459147
193030941
96955717
213470167
89103520
9259690
48796491
105295609
39498307
63404259
14109499
95272920
49277017
66565043
152285999
178542454
11194869
127879944
41134168
74693395
51921531
82477320
177525085
127248913
63698289
19849181
51942331
143929917
11604399
56643651
243079435
73190006
50965462
166451697
126842726
97966663
100572377
90513272
167904604
65207395
41071357
32872177
46455026
14648752
152868803
8066286
138025243
41969301
54675332
128351349
111314721
226447735
83615886
6033278
74352180
232325349
116122825
110041884
132331532
100638392
37709328
166527882
91916307
30799544
110306741
24202512
59287307
86781709
124763785
25775102
111641632
134026944
109676731
109004665
8541260
127572773
119908157
14986797
113451765
165399571
55872034
65869272
174158923
138660237
59574063
87798490
46301456
137122394
55554893
68334006
99176296
722814
78542677
43993872
122434753
102108976
12519569
21519238
57271854
28605697
95525397
68615277
34893339
20830754
166121341
75568352
204193749
60685359
50472890
97560913
78571589
24917652
104881571
68125127
107130158
59041184
52145202
58768044
3293952
61330
5294419
138484763
18701589
42395240
98525521
132040502
204984410
13126766
122869447
65296798
75228846
26485966
79477345
12297846
75844953
76583113
116059352
173675359
26015167
172218144
54286300
104391587
181462035
292549
141544748
145977446
18719013
107401925
51367057
226599702
93019355
159147577
100070115
56328769
30512443
67617108
512067
23758868
71617859
114272210
9306087
18009319
98961316
30298994
229763332
187444210
39728540
19792012
7995444
181765211
101142568
118416945
126410287
236837306
67959841
31325090
145882824
41793642
27887275
115619458
89788281
4328818
59081815
41715257
33175822
138025136
105264302
65018439
98544073
713132
44358783
63273194
124420735
190995262
69706344
229951964
61843343
40328193
34612149
143070505
3867722
166313074
224661956
137234163
35559213
71470932
159154312
50738434
102629762
56206029
99003375
147908328
21888853
24894997
47159335
21495184
51031958
36804595
103228781
41852630
80652507
22602630
145614468
19730988
67419000
67970162
82969856
178167261
60878619
126600778
111962792
115026740
28202051
44506145
217434515
106202627
37181588
92928643
10527881
3301288
44907927
21826297
29762125
28153351
53490161
51577016
97559362
160803772
33033222
74847816
3902379
91666812
1367462
45932713
52632040
81115839
24177873
35146597
115791504
18677218
78497312
142178382
33752230
78904163
26577079
104083348
36311770
75400327
66111722
98664932
109939286
52230930
16670660
31347852
98438326
94975832
56231357
50261878
11049632
244814405
67643228
119349630
109734774
28969254
70612394
3392295
88165473
77831465
54602490
146034665
183722966
28348217
171172831
11839809
46366067
97831832
28481210
106399999
3374959
145702550
77171810
132287936
35678623
74019836
181376801
78698207
43029500
30848490
21082504
131406444
89480176
15387928
171044796
134184407
111542313
120387487
146563922
84924635
101241594
29337601
18897299
5815111
62673043
132356321
166421831
69752501
13978116
123158946
24267039
61220974
116792630
82144245
26621229
172095867
150272305
174050915
91169494
16813522
85019755
114982387
9605761
20719527
78219154
41785067
62679429
34630812
166758289
141107612
32535202
67094288
16992933
85006008
60109762
61514670
44473782
152589439
64322497
141026005
48825443
59773935
67206761
54988150
86223359
52987104
7508582
98050603
43765830
108167155
56493685
125155427
101529449
101188378
186153586
86518689
17022123
85721563
50568505
26490691
98637995
45834663
140972264
132115710
75656543
45366561
96970876
44907944
126408669
79586828
168584336
71539301
66545656
72956078
112536689
166035856
121073863
107139260
89256040
164478388
47504521
55655687
73045888
14710284
16507247
64486285
139298819
19914610
150703041
84222868
33401226
33158416
32917550
57843903
114150024
121815491
43434037
17853921
117441231
188009188
67808183
135774164
30192123
96957969
33103277
83873146
67974498
212778229
134426562
84948873
77253281
73659009
67931468
25647567
47561051
27782417
53724624
165473194
23101688
41055897
135395571
34200863
60131729
78118742
70521847
175740041
79042846
115821215
69185448
36820316
152909603
129331142
85902062
35517931
66160454
175199869
93938706
16748611
2163568
78034710
21373296
80224390
109987298
100452111
89237133
119355797
77937225
33958689
106482235
185464046
14405514
204669868
167469955
119943901
93850136
71327149
135512897
113764657
55975113
53452818
126179111
243391634
91104306
140441511
56817408
14804049
131678286
93205861
101023766
21893394
7361530
31521956
55884698
5347749
87782374
99524825
37338396
33999041
11962518
134383055
58368505
45670312
29551130
20476083
177705777
122156303
80609966
82843203
85327518
24075781
29537057
166470129
92587330
99384298
17787081
94134916
83674246
76165233
150967269
153066908
119815811
130912857
109940790
10112688
72634664
114218947
25048185
42662259
85116479
17742083
71677746
39140254
175859836
56091741
35260961
4126427
64832085
49728512
65660891
110097132
8445651
122447705
181299951
67376616
92304308
115204436
145836201
34100524
131149083
22646279
109636727
100020771
29623622
15686994
179362072
150106048
107736058
28333484
3636125
117328208
136765039
5824905
167223598
128234992
109359916
23381708
89901243
87806727
50415008
55384340
1844519
213073013
47190735
17670097
83524511
58235792
44231216
3484719
89035319
79855129
100322418
83779894
101125975
33408748
60742788
60994457
159620035
172455065
41916584
3927687
92777702
70630355
5880475
32486929
3012244
137527705
173949124
40912992
111970123
39111440
142615351
70815339
9314504
12500515
76048072
41702628
81679362
111562396
134815187
34180707
5353061
7943091
96024859
32900284
72899576
48729851
39385714
3215131
6754528
1475324
5907372
5213285
114217236
68350576
63829205
78254732
55501454
81711148
288902
82459993
157515972
74023104
78110667
62262070
79995461
95879106
104911031
124397261
29881717
240349230
62260471
124891951
162366926
50870681
68486770
72395223
53605991
41484927
124774055
111112334
81495829
96685666
33584752
145229063
5625975
152230283
74082655
19919453
205230974
133754480
36430747
3854540
10319629
58192123
24355216
66427519
59410254
26018893
27214989
49105381
20651453
70147066
118596756
87892269
9245289
6296931
58635735
59521044
54312849
44063859
84190532
112113781
6813460
79290959
7552123
72408163
33277828
35927141
109128866
33147858
90825228
18799123
41467360
12138597
69579057
34057025
77924698
33512084
10258654
130095615
25450649
59898057
107196194
24894268
10217527
6151670
126358161
95576950
30654661
120658724
30094366
34799261
83041554
122644077
1296273
46319277
31156624
88791932
34287765
89579534
30476067
11199271
7208680
207694152
124674222
73075781
182446737
101105998
65139396
97878443
140801512
140594551
37371855
50935531
58146672
95722676
109554192
10729177
53149262
88020583
6026865
27721237
65882975
1684800
233836038
54002154
96693878
983550
125131703
80155183
155759387
33292199
31036156
143263689
110006364
48954905
57181407
122619384
28603660
91583066
45952768
153092922
2342767
93462607
118720178
202982240
202948822
170545070
22094046
51396727
64714338
185065174
26248995
4984462
115467391
37512698
103372438
124195485
67188211
229213176
31866978
10059436
4418086
122665904
140650804
2920400
152394287
121440528
51085697
42682930
182231318
54091
7203806
58552740
128794432
118623154
103795963
45498426
98573743
92503649
13773988
103469980
97780092
22060303
90368237
171603166
118666919
131825736
13412657
17612639
7792912
165226555
92648841
60129978
149263900
125531414
7360019
47668780
156420851
133512171
71414116
15987595
32687228
97498715
10368948
33459298
83617578
180534339
136793289
16804716
217240036
55185043
53041903
5328261
53756628
20029622
84185652
45150331
55148792
172282241
153018815
37635881
98277093
133582222
69972904
74479094
97989721
55309085
124172895
67499985
71997500
30763486
69143498
200828526
58682811
28832540
93425637
200928907
31024697
156581959
67264841
30500663
105375865
95652907
120757399
44126875
2987268
27801910
157536448
55816530
29430385
121075303
104829539
62852683
2719194
63956100
5429212
108770290
29534269
164869869
114519351
66883658
98554209
40202513
125021861
74104922
22433118
92906685
166182056
7093877
57960602
150562848
60636734
168559526
6897239
73453684
48503561
15544083
65821156
146134198
116410662
38846470
143098422
54903416
31897549
6880996
132164394
63768959
69672953
164916954
39865855
68907002
9047817
176707862
147958598
63879972
77460383
40145301
206851318
7114641
88559009
114702261
115915617
9667792
48237895
161978177
71534617
69384268
178390487
24685014
111000185
197727599
139257603
100792230
1472227
18700843
167569477
182326472
1450403
20070404
104493598
94706706
41729171
69329836
119075078
118301115
242577665
43796180
101138519
39599117
84904838
12899668
71873767
36964744
82481746
7357716
92721005
105322617
66269407
151098519
77054807
105522111
81761283
59311227
23583627
28779460
117168035
29758983
162880984
38656052
98016444
151455500
174257902
110162748
21997574
63941406
18271661
89761243
49730328
14268042
165646344
107662281
111363516
21401714
143591821
28347050
163264538
52753907
109165786
31481981
11710174
39894945
56840543
105440616
2067708
28616273
21841547
91398449
92296225
63265536
6411305
55469949
25510236
20613458
77836451
67684059
31380617
96636768
131231535
101734925
15305258
134013906
215992203
47549791
175830514
770914
94442324
133774966
196870670
50105020
30676690
14587574
17119482
73269296
10813997
130136923
42839047
83688817
9230961
44399830
74972942
64817100
68075866
86529692
83464421
185075691
161373024
233546564
75288697
100494737
193326041
157504366
91738733
153690278
100263190
91332469
221299811
70092296
152470752
208300941
87489256
105048158
8704877
83077272
55460833
103111709
28970294
202836947
95693967
137555224
53689083
42444777
52372353
20774551
42861863
1825949
196674259
92207766
92761087
154279821
114489452
30431011
122888339
48355759
84972587
194117751
46378269
37643909
20684461
115661165
100613507
58958163
1016113
50291224
14929217
5620993
48926214
63301164
133282823
62713154
40989620
87447186
144585367
134084083
87339079
111970309
120502265
53621934
112237191
41914476
65145649
68446267
1245368
10734800
93555185
170534183
9242933
80412032
175142638
104310845
82815158
69294401
1121579
32456882
21187167
24383305
61671074
87556164
61503735
164173967
79780843
110264260
12705048
8378662
82757519
1492156
100402073
45541908
71680950
87619071
20580242
17705849
60772808
106739417
57011661
43443892
136777805
78470532
23710199
25202977
202652491
77208016
23173465
69987533
1523747
91101678
67933440
36724515
120520218
29067173
57831248
55709182
14363655
62875874
15128730
125566293
54988061
124286971
19431418
66862929
4588854
106432066
61501604
10623652
2664712
60277514
75473978
12680813
105508835
70320750
147218450
96134175
57346828
48443116
160094343
157115791
116811470
100562888
8986682
9288320
1916630
1495083
68290594
68890056
3286564
122313134
214325218
2176852
143516426
193686575
12981417
4358049
119392292
143869071
148707888
200107967
64373611
52196830
16811553
37016368
183883823
50943966
8123128
151763767
166204840
130844900
155975202
233922657
61281763
166006175
123087546
156465769
105927730
129627539
59239988
113433587
212867291
79230568
59773788
22445150
13863975
40315004
21452743
10436921
166509620
58727835
150019580
87490552
105479236
81907730
29850727
82268550
110928092
82504443
17819705
14610913
6626549
26547212
27859661
45810094
42905765
31181584
178026025
99492078
70572408
71974836
54944791
76463940
28273013
44991882
101365626
112467665
212292521
57586697
134600412
222249725
55189894
96915247
142367740
58704626
19704682
64533904
131266807
2808730
38117505
216098533
2868500
63701536
116924787
141914901
37408719
86468254
24441634
32699794
65313795
45198413
187348290
143471133
22258161
88029208
82047840
116814126
110222742
144682018
166376650
16090076
42428951
23885283
53051911
152558978
139488901
176855012
27771684
205772117
32523737
100179746
109681836
158557427
111862575
141351600
147649345
49348493
71101160
78196020
32622256
18411621
110125483
78818622
52250289
79734244
5203268
30893512
79018553
8209069
128872076
176277117
137824540
5393054
202880842
158722283
57001911
9907901
57626041
68935572
9367743
42223770
138586457
4362720
90441965
33525767
102924492
81110443
166972657
236875771
123073542
21673684
103140180
122693602
45050849
20255214
162306529
220960494
177386467
96227100
152479912
65782018
105758988
26622247
21322260
21602956
98814369
36664907
41731053
30987078
52574723
20498043
59476000
133250548
59221309
30697381
34971651
52775731
20414798
216023682
183921254
155363336
68887851
62844614
169136489
72570858
110180719
157470885
75082726
27584373
35876645
123889501
40182025
91589662
9795629
12427837
71649124
34044203
229047431
82533441
140975722
4161385
143269643
71899700
9540820
123409475
127565817
26960201
45587406
133681425
57608859
100365799
19251606
101933047
26637415
79092567
29778964
34395509
73681648
32903845
16781565
24127584
179443003
68055747
17062427
38925894
24159018
36697882
49011461
77694204
96008509
47939663
38258007
159585082
183920167
53627415
97294154
133393428
171653580
28270714
24616743
137545970
152852622
80158652
236439284
49828018
2207460
145090371
50546880
48210990
56908956
127845524
81939469
65676726
183916134
25035714
100501689
171878751
98971440
48433265
82203663
117400445
5787647
102374499
13704147
132205212
67446615
19006253
30968135
10101914
29871409
123740551
74171045
9064947
63782138
24311183
37255862
160031488
142030583
13911586
166402814
174520481
182475347
28460348
6272677
99308887
5200753
101712353
111160629
41408118
47071504
97662176
201439634
41920942
54851878
60960727
57131909
146601295
136823840
18727999
84263955
172451419
114469065
53726826
126165284
125921545
16711060
41449763
25706490
39895939
24416331
720558
42046286
109923813
87021326
12787326
176635476
37922416
50970429
78150958
16794257
206835061
68942650
14290534
153820643
191017754
9815528
108708791
6316027
155099762
41327101
5530827
96928091
103586052
152320172
134572980
17922491
10996294
65394309
159637982
98514579
51952385
29940759
84462431
38207495
86852550
217631840
83746424
41614527
131411422
152043161
164924332
122616059
93022899
14281910
115010570
91531315
134572284
94103383
77986600
17843831
44325475
146860625
75178430
26206299
138031439
47548678
8757006
25062052
62858432
76395005
1449821
105090555
44344584
121295678
164588500
29840354
161136843
8350772
131477903
33752244
56172975
78735157
68206660
21142546
42060626
132799943
51717355
48264050
78492244
203988840
114290748
119568994
68848594
50633802
154351394
108710859
225423282
139323257
29220087
132424371
199921445
111012138
63518104
160040749
235038146
1851688
116239244
148593202
41854446
30726401
17777724
120622656
44612353
45635964
226478077
128208927
103103399
58030066
80925739
6556022
82842329
195628272
55894558
6908936
109020634
16593666
117513204
221823442
5774363
53493363
78166208
63876463
31659218
117475753
14340640
115107685
1843294
44456573
120721351
104411736
134870058
139572732
12352001
170483758
108720833
7386976
83144850
68572159
128045653
40745108
114055355
152041702
56580947
234632270
26641348
186243561
99188599
59634345
57929795
37289059
115183898
157293632
52751832
183719191
198807623
127710314
83338320
91096263
135326583
141231993
150138709
193797227
187886738
78741758
117510714
37266981
113803726
35146667
81275450
31906361
40987034
24776981
62694863
90038033
126844664
48885176
65983517
40178846
103213227
82866661
145775826
334543
72480857
65668452
161180720
55794849
63376478
115375485
31091235
87800131
69735251
76523740
37847136
139518913
166040187
131316652
172582720
76524013
30671050
47837749
6738461
9296524
53581359
23440765
95291717
219335900
99256762
14020304
118638620
55139376
130846439
171665325
28119944
97676153
78627162
166455907
7997118
151891388
114602302
80442299
35263739
170838284
111026598
103920079
122213765
55318116
94754985
138033844
89051645
48650528
43743090
154008082
38506819
43150302
44800387
93308188
70883177
129582563
169766298
141714181
144364090
50299865
112538495
51610162
171653986
130879003
88116528
172102335
23798717
80199323
29445403
37774319
92262306
177091795
2111636
24558745
23882718
97964235
51690108
42327560
118627164
25160851
19226587
25083572
114552525
115083172
42345443
150380780
130454028
92241515
548007
177094874
11075842
131365443
141293450
15052860
50741170
177235117
68111481
103469365
64576954
114662917
27791492
27795218
122478728
7895180
119690519
13213967
30498689
130863679
140968980
115725072
71704254
5588174
22903022
183257084
4261744
132969940
71608185
103108859
14536101
43407797
30351014
37161263
138029377
98499714
49968765
57465718
91257754
53438426
106566800
214016291
24815296
94585245
53236855
9841182
76520278
76587352
138577841
197758663
241720559
129064393
165971562
168749112
90919651
56154718
193567234
3946485
43465982
18541200
26265200
77878463
50832594
59454631
52556890
37162352
78038797
134606728
9710451
172354883
37163376
11889850
22368158
135669577
207242337
94768272
129317154
144461281
153768598
3457280
12475088
45160432
13641264
51064068
45381317
50635131
8599131
124249818
32208399
44855101
64972773
187793833
48455421
10708462
36833036
191479455
37865954
41845219
100556133
163894690
59041723
96321318
111898528
71361414
29827681
39919524
9684613
137138361
137143104
35080938
175658506
105177376
106369472
35390365
8167962
157143339
183138154
199315719
106590549
48986876
94228739
114889261
83148686
23898966
93090367
34002089
85978153
6550400
43287722
66367002
89952557
96257736
240975891
188139145
221769529
24554704
902288
115870989
220761883
7232389
80602547
62778599
137888867
133753417
61527480
47367371
8531532
100463508
60637258
63142556
89592263
33676655
173680183
51680179
74717308
66195517
23039575
37425867
123901680
61793021
7753084
100730134
47361857
41859661
60423137
171671166
70655368
154916930
145045426
41753603
131339099
46685153
213403091
61765529
17910752
193926705
63793425
79077980
84490118
105200293
34260593
154158916
56548120
79076230
41805155
62910076
98765256
199923727
107313100
71689027
166666718
61765840
36435725
110657114
41927544
41880343
185312221
67374484
43046643
172102341
121022481
24982494
62887010
61805585
50138023
81562900
47315995
3987247
93544720
76807650
35527409
199293335
148118536
199291722
19134195
51801735
3661033
166671183
148119199
88264015
124133946
140054485
72927340
153932270
57095212
166111562
155920032
71559778
57833689
59035589
79050148
184788246
117611485
157140077
40688993
13503881
129670692
104867936
244019998
126737746
64529390
126833792
53852074
89977883
23911939
29691857
5571105
59251078
10704137
69911967
154066490
98587133
155819018
87350063
99892583
73070998
63437482
4328928
81870539
88142924
58126305
56550642
57271004
38619742
111578993
1422223
62159248
164309751
64696606
91509923
137818099
27015151
41095300
58094705
63438833
48622651
47334524
165360114
144446955
89946399
27121339
67787159
12530177
11226776
87639848
79073182
171643717
50135434
70615407
84173558
82747470
32307130
143982
161334789
155239678
155399292
110300607
58720808
59278697
89552134
120524884
180496295
105234997
90113107
40879436
64580442
61821441
72640442
102112525
198929896
57514458
45760083
104490982
29245760
57961946
133022909
130113462
13156649
165322966
71480210
233943293
83444531
64507475
32251610
144551333
90485151
22430069
27169200
19573600
149179
21347418
225587929
60597986
167749515
31780379
39284434
20865980
90223400
68289582
117517339
126833498
150833758
3951045
150836842
184922649
42113151
102114300
56021151
184069126
112871406
41627386
99795463
1820084
60567951
37742394
58881672
25690936
126850489
36226516
40814500
14017185
107819097
156926963
167748056
70456496
29718896
91499273
241717718
111010072
31598381
226790001
32976810
19576949
71949903
136797312
47623890
147720235
93015271
166666654
144241914
104517890
136816433
227140703
117532595
79089428
70546411
166709809
18263873
147538993
89121342
65972904
154800001
53605344
85065229
27696319
137989785
51345807
103578550
47640429
128159636
77661042
62701625
40516070
184625334
48904689
64020316
125770691
57896733
125426627
10137891
84966018
24162382
4835852
207221929
51965186
41359786
137419944
106547983
112781023
103574137
120485269
14856925
37850077
13113641
84417585
19957763
145078775
103367599
131942676
205036826
108854524
33989652
57297664
184905255
171602460
92954477
93747429
60734664
50826346
23856954
47441664
116659731
121352074
10005883
77648536
24171927
138154795
142624753
6264458
76456577
137057630
103389500
62703006
1473208
93303044
137512404
119640427
137399539
93413338
176740996
32870015
10190040
205014930
85134914
32884205
90616709
166166054
205037676
97064534
114880342
115545591
23217567
6829948
15345664
6252903
58822334
146436523
12625194
93514248
146439807
21094928
140062182
41217246
65340421
48310241
78337721
73830476
42136351
92869475
66035411
177020284
150958977
177019779
8436070
6774282
58297664
11619205
47866516
163807748
104308233
43888353
147591013
63422998
147531217
41199821
21322858
65046797
31016552
31379846
31014160
24373828
100541465
32792258
10153082
53831733
147560832
94102342
133374905
155731956
133362170
11331164
122552982
184616798
2038819
8960500
135986978
176913508
10666174
11082173
116486442
31729359
44185129
93327911
171890306
163976035
63513191
19652746
208269257
64480641
8630164
176559735
39681683
171893117
58169418
11119760
62694117
19654117
10547526
10578801
166146182
8755914
48092064
11845417
6769190
166210515
8966606
53870756
78773136
8298285
133121897
52336656
52352177
9084277
40719874
59952652
59963079
10119765
63357876
102119090
77710880
58301886
8737464
88886247
135300861
153775449
77768302
8327979
31006972
110566521
116444251
86332325
10735017
77513844
8501571
31095251
9033093
